-46.071350592772 13.212276938385 158.96 
0.8416
0.636 0.954 0.809 
0.262 0.638 0.313 
0.091 0.025 0.821 
35.776

16.593878120897 -17.143825899013 69.09 
0.8416
0.522 0.007 0.166 
0.003 0.995 0.661 
0.42 0.983 0.411 
21.76

-4.3874579006527 -1.7804023554282 10.95 
1.0672
0.869 0.789 0.712 
0.505 0.743 0.52 
0.768 0.38 0.834 
54.976

-9.8090656034779 8.3545802180359 89.42 
0.3712
0.746 0.729 0.422 
0.267 0.736 0.589 
0.271 0.731 0.249 
44.288

3.9265129927371 1.5520975744117 15.89 
2.1808
0.893 0.036 0.269 
0.762 0.826 0.982 
0.267 0.568 0.502 
2.176

93.042628597136 -18.004778389493 179.86 
0.9448
0.99 0.311 0.466 
0.735 0.039 0.888 
0.002 0.776 0.476 
17.536

1.5643651953854 26.536792149705 193.54 
0.628
0.387 0.998 0.087 
0.279 0.033 0.357 
0.041 0.859 0.338 
19.776

-6.3363152813077 15.505747740599 75.17 
0.9976
0.175 0.237 0.727 
0.164 0.548 0.192 
0.9 0.588 0.079 
57.792

-6.8516234905702 1.4823217702483 43.63 
2.1928
0.282 0.142 0.092 
0.669 0.14 0.179 
0.949 0.173 0.536 
63.424

-36.104114109547 15.199943948855 66.81 
1.2016
0.715 0.643 0.834 
0.89 0.88 0.56 
0.054 0.428 0.752 
61.12

-96.896349267933 34.850068683301 173.02 
1.0096
0.388 0.034 0.251 
0.67 0.177 0.343 
0.339 0.317 0.522 
18.368

-0.65284459038886 -16.845714979165 62.82 
1.3552
0.934 0.577 0.983 
0.648 0.22 0.817 
0.537 0.099 0.376 
37.888

3.5460622593519 -25.669972934363 113.74 
1.4032
0.96 0.403 0.923 
0.347 0.437 0.173 
0.017 0.614 0.516 
22.784

66.025222528267 -37.099493547055 132.36 
1.1128
0.097 0.922 0.946 
0.03 0.499 0.928 
0.678 0.719 0.745 
13.76

60.162519219781 -37.654666513526 163.33 
0.9304
0.248 0.352 0.889 
0.208 0.756 0.811 
0.555 0.192 0.985 
36.608

66.116501605826 0 186.51 
1.8712
0.539 0.572 0.16 
0.636 0.494 0.105 
0.666 0.993 0.033 
22.016

28.447802907791 19.600066464717 116.21 
1.3744
0.899 0.366 0.877 
0.146 0.719 0.765 
0.355 0.474 0.576 
58.24

19.58817827499 3.6976747345001 101.58 
1.2352
0.06 0.41 0.211 
0.599 0.983 0.372 
0.235 0.476 0.477 
57.728

-2.0242477788057 0.3430850991599 56.55 
0.5344
0.288 0.805 0.712 
0.186 0.171 0.588 
0.333 0.89 0.353 
44.032

-19.525882180945 32.200189795583 123.43 
0.1696
0.489 0.079 0.503 
0.55 0.49 0.715 
0.148 0.472 0.086 
24.512

33.160736249197 2.4834628970913 63.96 
1.1008
0.073 0.53 0.599 
0.362 0.335 0.31 
0.548 0.506 0.899 
56.384

-14.320076461737 -17.770825293228 118.11 
1.9192
0.181 0.165 0.788 
0.67 0.245 0.29 
0.22 0.735 0.005 
23.552

-51.723471164074 -37.93527432973 152.88 
0.472
0.655 0.036 0.573 
0.729 0.567 0.171 
0.091 0.902 0.482 
40.896

-11.558090508961 -7.854980364002 108.8 
2.0272
0.633 0.088 0.561 
0.814 0.254 0.349 
0.484 0.5 0.639 
45.056

-7.2733201271863 2.0831423456683 23.68 
1.1608
0.737 0.824 0.597 
0.392 0.861 0.17 
0.12 0.427 0.342 
13.568

-34.099092094705 33.853034870554 171.69 
1.8688
0.205 0.371 0.539 
0.838 0.459 0.1 
0.652 0.714 0.449 
8.64

-56.205279645718 -42.3928203728 169.6 
1.1752
0.733 0.912 0.89 
0.469 0.735 0.487 
0.861 0.596 0.657 
62.848

-25.759359832304 14.157189723955 46.67 
0.9424
0.825 0.044 0.087 
0.029 0.415 0.627 
0.868 0.875 0.728 
33.216

13.661954889888 -26.428655123933 134.45 
2.0248
0.265 0.494 0.249 
0.999 0.405 0.138 
0.467 0.14 0.625 
20.992

18.775892634262 -9.112655714238 68.9 
1.9192
0.282 0.504 0.108 
0.106 0.548 0.196 
0.135 0.964 0.823 
0.192

42.737799420504 3.311939091625 109.18 
1.1248
0.727 0.176 0.228 
0.992 0.67 0.477 
0.99 0.074 0.616 
29.248

-52.62113536261 -25.134335494317 159.34 
2.3824
0.523 0.095 0.708 
0.805 0.599 0.817 
0.912 0.147 0.013 
3.008

-8.7814975943742 3.9868854626513 19.5 
2.3776
0.386 0.572 0.375 
0.113 0.749 0.604 
0.105 0.418 0.08 
6.08

-0.9300997366591 13.753004535783 115.07 
1.7992
0.938 0.338 0.658 
0.46 0.434 0.366 
0.265 0.032 0.183 
11.264

-19.421139295108 -9.6938922277644 52.56 
0.7984
0.032 0.274 0.24 
0.419 0.847 0.616 
0.533 0.595 0.219 
40.832

-83.940366740205 -18.112223784827 149.27 
1.3144
0.997 0.286 0.214 
0.934 0.624 0.873 
0.394 0.057 0.239 
42.176

-79.933451948981 -7.9898604334011 168.84 
0.7504
0.618 0.059 0.562 
0.651 0.334 0.802 
0.069 0.18 0.417 
38.528

17.655371231819 4.6213047167477 55.6 
1.9936
0.937 0.974 0.295 
0.933 0.259 0.509 
0.867 0.884 0.382 
16.64

94.007646478075 13.552201165102 184.61 
0.1744
0.042 0.755 0.302 
0.661 0.815 0.865 
0.311 0.148 0.666 
24.384

-38.890498884699 -49.829133777954 196.96 
0.3472
0.72 0.223 0.893 
0.656 0.196 0.187 
0.589 0.456 0.697 
29.12

-27.114504837141 -37.341188050686 145.85 
0.772
0.699 0.634 0.311 
0.741 0.388 0.614 
0.402 0.203 0.478 
45.632

-4.7611536358884 -6.017281886974 27.86 
1.7344
0.227 0.077 0.785 
0.948 0.301 0.677 
0.603 0.497 0.864 
12.288

69.686431525306 4.8388649582309 132.93 
0.8008
0.639 0.362 0.572 
0.337 0.996 0.884 
0.078 0.384 0.498 
30.72

4.6884190489759 13.477644617205 46.67 
2.356
0.12 0.287 0.62 
0.348 0.365 0.404 
0.295 0.666 0.08 
57.536

-10.545533606856 7.3164186619255 27.1 
0.3784
0.505 0.738 0.409 
0.143 0.099 0.982 
0.48 0.094 0.865 
35.776

-0.41756280868871 -1.4417218501143 17.22 
0.2584
0.338 0.232 0.005 
0.459 0.52 0.625 
0.807 0.886 0.029 
6.528

0.58889727457342 -2.3721710658094 10 
1.816
0.054 0.091 0.832 
0.559 0.829 0.24 
0.702 0.928 0.221 
11.648

-83.228066619095 -37.874083236713 150.79 
1.3048
0.449 0.78 0.568 
0.787 0.012 0.574 
0.246 0.533 0.199 
3.328

-3.7173505372151 -6.4787085943428 39.26 
2.428
0.338 0.155 0.684 
0.392 0.246 0.516 
0.952 0.075 0.756 
41.792

-97.089900172176 48.963503681612 168.84 
0.16
0.064 0.577 0.528 
0.513 0.356 0.096 
0.3 0.369 0.67 
34.944

57.471316410008 27.7173264383 123.81 
0.8656
0.096 0.753 0.288 
0.434 0.909 0.973 
0.827 0.154 0.488 
49.792

-28.754572199822 -14.327506752933 91.89 
0.6568
0.221 0.266 0.258 
0.285 0.843 0.786 
0.799 0.199 0.882 
6.272

10.407777832628 4.1816947028639 132.55 
1.2256
0.42 0.243 0.788 
0.517 0.997 0.076 
0.952 0.905 0.048 
49.792

-58.886540483856 2.5256887554494 115.64 
0.7936
0.78 0.987 0.522 
0.001 0.253 0.781 
0.287 0.096 0.567 
5.44

-10.642643922134 -1.3911236232886 44.96 
2.1736
0 0.829 0.333 
0.421 0.072 0.12 
0.938 0.068 0.197 
56.896

74.83616498637 -21.153061945312 136.73 
0.1792
0.782 0.222 0.323 
0.561 0.209 0.845 
0.562 0.463 0.625 
54.336

12.784093805585 -35.178417200571 187.65 
2.152
0.64 0.118 0.718 
0.641 0.948 0.05 
0.061 0.019 0.171 
63.936

-85.023649050286 -14.312527493696 178.72 
0.2488
0.614 0.554 0.095 
0.396 0.777 0.418 
0.957 0.987 0.263 
33.216

-4.7064670183908 18.812930356225 79.92 
0.1168
0.079 0.303 0.862 
0.72 0.421 0.58 
0.36 0.368 0.63 
26.944

-11.613516134803 16.453281441515 89.8 
1.2448
0.17 0.307 0.539 
0.785 0.862 0.634 
0.18 0.639 0.052 
8.768

19.461034198709 -15.133086339788 134.83 
0.2752
0.203 0.024 0.081 
0.282 0.327 0.944 
0.001 0.749 0.523 
23.168

-70.216081115255 -33.424672951698 158.77 
1.312
0.955 0.202 0.982 
0.125 0.51 0.521 
0.91 0.371 0.154 
5.696

-30.122476645608 -9.444450249834 53.13 
1.624
0.522 0.884 0.709 
0.725 0.909 0.79 
0.007 0.235 0.734 
0.576

45.076795472061 -11.915190787015 80.49 
0.3424
0.41 0.153 0.607 
0.365 0.356 0.589 
0.49 0.866 0.109 
25.6

-31.310051508315 -14.761820333721 103.1 
0.6928
0.472 0.717 0.882 
0.994 0.6 0.591 
0.719 0.508 0.381 
46.464

42.163428278703 -35.04558168782 149.65 
1.8496
0.37 0.105 0.831 
0.781 0.259 0.438 
0.145 0.616 0.026 
40.64

-0.36528951531628 -3.6769258213413 16.65 
1.8256
0.401 0.525 0.966 
0.873 0.241 0.848 
0.867 0.842 0.438 
37.44

-11.966739029493 13.371345872335 69.09 
0.3256
0.933 0.046 0.824 
0.303 0.152 0.654 
0.083 0.411 0.091 
14.656

-95.426646422684 -40.406809635222 174.35 
1.3192
0.255 0.9 0.226 
0.657 0.424 0.192 
0.529 0.666 0.039 
25.344

1.8141731098584 -2.7404157389077 196.39 
2.1592
0.296 0.292 0.953 
0.228 0.338 0.776 
0.532 0.49 0.429 
39.36

79.079343054752 2.0671256407739 170.36 
2.3296
0.639 0.708 0.436 
0.894 0.608 0.663 
0.55 0.031 0.855 
5.056

22.920228336559 24.024298974993 100.25 
0.592
0.371 0.456 0.063 
0.667 0.749 0.015 
0.896 0.086 0.791 
27.328

1.5778751916845 -3.0543370879056 17.98 
1.2448
0.741 0.887 0.406 
0.379 0.595 0.842 
0.273 0.202 0.505 
52.672

-55.769287816436 -15.422024055924 181.57 
2.3368
0.254 0.377 0.137 
0.625 0.834 0.2 
0.292 0.582 0.215 
12.032

24.754065996586 -38.017772493804 126.85 
0.6856
0.226 0.658 0.722 
0.967 0.544 0.127 
0.346 0.139 0.97 
39.616

-17.145963542307 -1.4254260662709 93.98 
1.4824
0.835 0.344 0.508 
0.088 0.722 0.645 
0.713 0.556 0.846 
0.32

-19.50813443367 -12.45832695708 46.67 
2.0368
0.067 0.809 0.051 
0.293 0.466 0.773 
0.26 0.01 0.901 
38.848

-21.379569143226 11.873140869733 52.75 
1.2808
0.345 0.668 0.067 
0.179 0.011 0.576 
0.267 0.734 0.221 
62.784

-48.126567440017 -52.010621118448 197.53 
1.1248
0.127 0.179 0.233 
0.194 0.989 0.284 
0.488 0.454 0.057 
47.936

-3.1301044844116 21.567676192467 77.45 
1.576
0.829 0.581 0.106 
0.174 0.248 0.174 
0.353 0.26 0.75 
39.744

70.949096564024 35.617365918685 124.38 
0.7792
0.037 0.588 0.711 
0.165 0.768 0.945 
0.359 0.756 0.229 
54.272

-41.268535361459 -16.000542583165 123.24 
1.7224
0.245 0.952 0.29 
0.074 0.533 0.397 
0.248 0.781 0.571 
38.528

-27.756495242469 -5.6872831637449 52.37 
0.184
0.292 0.825 0.318 
0.329 0.412 0.028 
0.494 0.18 0.974 
54.656

72.184579952068 -25.92233310739 143.38 
0.4504
0.488 0.297 0.822 
0.734 0.249 0.112 
0.808 0.782 0.509 
3.584

9.8221830015939 -34.486525883799 135.02 
1.552
0.4 0.882 0.64 
0.692 0.706 0.959 
0.021 0.118 0.988 
33.024

-18.685618146171 22.405616803529 80.11 
0.6616
0.162 0.071 0.38 
0.651 0.369 0.202 
0.384 0.618 0.314 
12.288

-6.5956494752223 11.193347018703 57.12 
2.4136
0.903 0.907 0.568 
0.303 0.788 0.207 
0.995 0.493 0.166 
1.024

14.390155237411 -23.424849526582 111.27 
2.284
0.113 0.902 0.144 
0.276 0.974 0.525 
0.927 0.342 0.727 
19.904

56.074798484881 -29.462364637353 105.57 
0.964
0.864 0.752 0.323 
0.766 0.658 0.891 
0.068 0.446 0.098 
4.032

12.803319569549 -3.6081267934992 25.2 
1.4224
0.417 0.613 0.461 
0.531 0.515 0.605 
0.807 0.488 0.129 
46.976

6.9960996219322 3.976583809276 18.36 
1.996
0.897 0.547 0.149 
0.761 0.298 0.472 
0.527 0.957 0.363 
38.144

-15.165605930965 -3.121558712993 135.4 
0.9208
0.726 0.74 0.894 
0.143 0.353 0.354 
0.675 0.868 0.96 
30.784

-8.4235866154982 -12.662855425036 50.66 
0.544
0.946 0.259 0.976 
0.843 0.807 0.124 
0.603 0.105 0.597 
8.256

-74.992788567396 41.376693919786 147.94 
1.2136
0.422 0.385 0.807 
0.147 0.124 0.7 
0.291 0.478 0.054 
61.824

-16.990436926793 -28.047986457299 94.93 
1.7848
0.102 0.662 0.887 
0.047 0.921 0.863 
0.89 0.727 0.988 
31.488

49.139158983138 6.5323402880046 128.18 
2.2456
0.545 0.347 0.358 
0.967 0.732 0.164 
0.114 0.857 0.865 
25.92

-15.428346491468 20.460921884259 80.49 
1.732
0.932 0.818 0.381 
0.033 0.48 0.268 
0.081 0.4 0.13 
62.144

-42.196002380891 -22.764657938247 97.97 
2.404
0.702 0.084 0.853 
0.246 0.432 0.211 
0.213 0.164 0.375 
20.928

-82.561469545294 -23.6364520392 149.27 
0.9544
0.157 0.104 0.036 
0.089 0.922 0.417 
0.123 0.402 0.686 
13.056

15.065585770331 8.2813765963478 43.06 
2.332
0.935 0.637 0.89 
0.637 0.722 0.742 
0.884 0.154 0.953 
6.144

